threads |   time    |  power
------------------------------
   61     0.0466418   68.2061
   59     0.0474245   66.9939
   48     0.0488872   59.3879
   49     0.0502652   59.2861
   45     0.0506298   56.9894
   44     0.0529888   55.8879
   31     0.0590608   42.4472
   25     0.0605013   37.398
   23     0.0620933   36.6909
   20     0.0628708   35.1909
   16     0.0737477   30.5154
   13     0.0853723   28.8551
   12     0.0856078   27.701
   14     0.0870778   27.153
   11     0.106711    26.7894
   9      0.107711    20.9035
   7      0.169701    18.6802
   4      0.188806    17.9912
   3      0.308452    16.0765
   2      0.323819    13.5057
   0      inf         0
