116
116
117
117
118
118
119
120
119
119
118
122
120
119
124
124
123
122
125
123
123
124
122
125
123
124
127
125
123
124
123
123
123
124
125
129
124
126
124
123
127
125
126
125
128
123
130
126
129
130
124
127
125
128
127
129
125
126
125
126
129
129
128
127
134
131
129
132
127
131
128
133
127
130
125
129
134
132
131
132
131
130
134
131
130
133
131
130
130
137
131
134
131
134
132
135
130
134
133
131
131
135
132
136
133
139
136
134
135
139
135
136
134
135
133
150
153
143
135
136
140
136
137
145
144
139
138
135
151
152
142
135
147
151
146
146
144
140
146
143
153
152
140
140
139
142
135
144
142
144
141
142
148
145
141
144
150
139
140
139
140
140
146
143
140
152
150
141
149
145
139
140
139
143
145
145
144
144
145
148
149
145
146
146
144
152
145
140
147
153
147
142
147
151
140
141
143
149
151
146
147
144
143
144
145
146
151
143
149
143
148
144
158
150
148
145
151
146
149
148
160
162
159
149
157
160
